109.62315924581674 , 360.25 

115.26583294316345 , 359.0 

123.23402758482533 , 357.06666666666666 

127.81132930459401 , 355.625 

132.69858501354284 , 353.3333333333333 

136.67564621769876 , 351.47058823529414 

139.0352428085591 , 350.1363636363636 

141.22778366660856 , 348.15 

143.49556751123026 , 346.85714285714283 

144.6250918641134 , 344.35714285714283 

146.4918053843215 , 343.3333333333333 

147.8086696534158 , 341.375 

149.38682765972084 , 339.3076923076923 

150.17036844461026 , 337.85714285714283 

150.3194028294443 , 335.7857142857143 

152.17261603584544 , 334.7142857142857 

153.94559446623043 , 332.75 

154.96457975008474 , 330.57142857142856 

154.11622970897733 , 329.46666666666664 

156.67342889130933 , 327.2142857142857 

156.27677266951687 , 325.92857142857144 

157.26958896599257 , 323.3333333333333 

157.20114603816975 , 322.75 

157.79361679718437 , 320.11764705882354 

158.77545334701045 , 318.4 

160.97376777190271 , 316.72222222222223 

160.66382295890085 , 315.27777777777777 

162.56889878477295 , 312.1111111111111 

162.43654444145065 , 311.0 

162.87848781527873 , 309.53846153846155 

164.54865256820258 , 307.75 

165.01220611696718 , 306.42857142857144 

165.46690385764504 , 303.625 

165.90058230726086 , 302.0 

165.25128250983374 , 299.875 

166.82176698163894 , 297.2 

168.15817894069886 , 296.7857142857143 

167.27884283956678 , 294.14285714285717 

167.40443873990054 , 292.38461538461536 

169.13491454243086 , 290.15384615384613 

166.3199728248043 , 288.7142857142857 

167.9547703591604 , 286.38461538461536 

168.3306377165745 , 285.61538461538464 

167.6446215229609 , 283.57142857142856 

169.52464145741598 , 280.9166666666667 

168.69740472633674 , 279.53846153846155 

167.91854181362163 , 278.14285714285717 

166.53914115792168 , 275.4 

168.02720650858515 , 273.7647058823529 

169.2815655594885 , 272.26666666666665 

168.152479923676 , 269.5 

168.92917420780873 , 268.125 

169.7167326974003 , 266.75 

168.18505946586603 , 263.3636363636364 

168.1396596535434 , 262.9166666666667 

167.09338295655107 , 260.7857142857143 

169.0358647495149 , 259.0833333333333 

167.852186113465 , 256.6923076923077 

168.56704811698552 , 255.69230769230768 

168.09728453397148 , 253.53333333333333 

167.87728336840212 , 252.0 

168.62694211256525 , 249.0 

166.93948698361748 , 247.92307692307693 

167.4154673661622 , 245.92307692307693 

167.97483664419138 , 244.16666666666666 

166.4283687357095 , 242.33333333333334 

166.38818120440985 , 240.84615384615384 

166.16697058567462 , 239.15384615384616 

166.03398718830456 , 237.15384615384616 

166.62499798555191 , 235.33333333333334 

165.3262808986944 , 234.23076923076923 

166.5719424337599 , 231.33333333333334 

166.7957414850582 , 230.58333333333334 

166.7462666987083 , 228.58333333333334 

167.13555995386963 , 226.69230769230768 

166.60780291960467 , 225.07142857142858 

167.6143706720977 , 223.3846153846154 

166.93882782093382 , 221.6153846153846 

167.97112854351093 , 219.78571428571428 

168.21137096294382 , 217.84615384615384 

168.14988118528018 , 216.26666666666668 

167.7426060678321 , 214.66666666666666 

166.80869437899972 , 212.76923076923077 

167.00303442866465 , 211.5 

166.748436565671 , 209.71428571428572 

166.5397456792163 , 208.23076923076923 

166.01212502049137 , 206.46153846153845 

166.76264299577727 , 204.5 

165.5850465188601 , 203.6 

166.01475112683872 , 201.6 

165.88974557552103 , 200.0 

166.7406743096273 , 198.2 

166.03425050970637 , 196.8125 

166.78338143811973 , 195.13333333333333 

167.09278598012776 , 193.88235294117646 

167.1058740128179 , 191.66666666666666 

167.3292880329169 , 190.9375 

167.22352488342221 , 188.86666666666667 

168.24461048289214 , 187.125 

167.57487794426837 , 185.08 

168.4461012578493 , 184.58823529411765 

166.6412334192555 , 182.78571428571428 

166.71914556988628 , 180.85714285714286 

166.00094903625885 , 179.92307692307693 

166.22097390567484 , 178.0 

166.02896847330294 , 176.46153846153845 

165.93411140652327 , 174.66666666666666 

165.7287067969482 , 173.5625 

165.77029050042546 , 171.93333333333334 

166.03143362061903 , 170.66666666666666 

163.83483457909747 , 169.06666666666666 

164.64843160790133 , 167.3846153846154 

162.11982194635414 , 165.69230769230768 

163.40581411064116 , 163.35294117647058 

162.22420196504592 , 162.92307692307693 

162.76275873748617 , 161.57142857142858 

161.90792879437606 , 160.0625 

161.56791478262568 , 158.2 

160.625032883194 , 156.92307692307693 

160.65480509511454 , 156.0 

160.86845605149128 , 153.85714285714286 

160.55214981560476 , 152.6153846153846 

159.70933053751966 , 150.6 

159.6539982929168 , 149.14285714285714 

159.17588792348684 , 147.92307692307693 

158.57368042117295 , 146.28571428571428 

159.22390390580023 , 145.28571428571428 

157.78667197069126 , 143.71428571428572 

156.22499786880786 , 142.0625 

156.9613773411118 , 141.4 

155.68602928163102 , 139.0625 

155.026098990614 , 137.5 

155.31893269876636 , 136.2 

155.1883048800133 , 134.8 

153.92820391211617 , 133.57142857142858 

153.55468483383225 , 132.35714285714286 

152.5074873392684 , 131.1764705882353 

152.6778743409289 , 129.5 

151.15696402151215 , 127.20833333333333 

151.5757075683601 , 126.5 

150.2750306425653 , 124.6875 

150.63292534233676 , 123.25 

149.43073014530566 , 121.75 

148.4857444001618 , 120.5 

148.70402651583407 , 118.9375 

148.7650383664908 , 116.85714285714286 

146.97459960324517 , 116.0 

147.29063168045232 , 114.66666666666667 

145.54026184046063 , 112.86666666666666 

145.4394843386339 , 111.23076923076923 

144.94288575620638 , 109.5 

144.78282458871064 , 108.26666666666667 

144.109109693765 , 106.92857142857143 

142.18115201308368 , 105.85714285714286 

140.8220072557034 , 103.61538461538461 

141.07567003521268 , 101.76923076923077 

140.49230762845735 , 100.9375 

140.25277500636247 , 99.33333333333333 

139.61410600785862 , 98.0 

139.38339489877276 , 96.14285714285714 

138.2962704279024 , 95.42857142857143 

138.0625028879722 , 93.8 

136.46084214291918 , 92.93333333333334 

135.74223966053611 , 91.35714285714286 

135.04701797976236 , 90.0 

134.64028518636502 , 88.75 

133.4141797780877 , 87.13333333333334 

133.16691445070353 , 85.15384615384616 

131.86031637123182 , 84.61538461538461 

131.1814291573225 , 83.33333333333333 

130.07510872426786 , 82.0 

128.57567189359284 , 80.5 

128.16865653447985 , 79.07692307692308 

127.93327977861229 , 77.78571428571429 

127.04244690379288 , 76.57142857142857 

127.0997016153357 , 75.0 

125.62136837190981 , 73.46153846153847 

124.37888115163402 , 72.57142857142857 

123.5622118216879 , 71.1875 

122.44553128609762 , 70.23529411764706 

122.23392134595514 , 68.46666666666667 

121.16328115598483 , 66.93333333333334 

120.9326117534735 , 66.06666666666666 

119.6916099317662 , 64.71428571428571 

119.57453008469423 , 62.86666666666667 

117.31495392510874 , 61.42857142857143 

117.26373098062 , 60.57142857142857 

114.90087723070587 , 59.166666666666664 

114.6610412210952 , 57.75 

113.77977643873493 , 56.75 

111.97910152376775 , 55.4 

111.80521768351161 , 54.333333333333336 

110.69545012301607 , 52.5 

110.66386816710816 , 50.92307692307692 

109.86603261883366 , 49.54545454545455 

109.4512749839915 , 48.5 

107.1772465292811 , 47.166666666666664 

106.65443377606177 , 45.46153846153846 

105.61227294769665 , 44.30769230769231 

104.73792759061337 , 42.285714285714285 

103.03000063455592 , 41.84615384615385 

102.02019748110634 , 39.857142857142854 

100.57341282333807 , 39.266666666666666 

96.44531047934066 , 38.083333333333336 

100.35114803188397 , 37.714285714285715 

99.58252562858681 , 37.642857142857146 

97.63021963425028 , 37.416666666666664 

98.4106222602587 , 37.27272727272727 

95.06175777071213 , 37.0 

94.33890767236434 , 36.2 

92.90490032768334 , 35.0 

91.93245156152355 , 33.0 

91.1758958836936 , 31.0 

90.99265912612813 , 28.736842105263158 

87.63795385913384 , 27.736842105263158 

84.06028522784196 , 22.736842105263158 

79.93105449663328 , 17.736842105263158 

74.75597563107421 , 12.736842105263158 

68.39987797531303 , 7.7368421052631575 

60.14095734339823 , 2.7368421052631575 

